2100
754173
287350
961413
461892
810091
461830
124737
822216
702023
395598
470036
192828
131906
249073
28791
565784
124718
5684
986333
869911
507813
856107
447892
154175
190379
742776
114535
276201
989355
527094
570838
187043
493015
95922
46924
958606
385618
512658
43483
283462
765469
166488
981022
810527
80989
712349
384603
999335
823259
800593
187427
955985
306766
908875
282393
235090
861985
772875
857916
758934
448888
649357
558736
902343
84315
838669
666824
303827
920334
624800
130607
858422
628372
539240
179567
984009
357032
568656
275051
826420
811408
647252
297068
171815
823219
326608
974584
218940
948058
934900
279301
920120
862083
572519
908789
629720
807746
572508
900176
977550
823258
335484
950088
706467
696462
397438
427715
946189
672108
844040
96815
170866
781441
570702
568201
547526
898622
568810
658934
1598
658669
606960
601077
451499
835504
27484
826954
148276
755954
730303
764925
859321
490528
828391
599221
954959
266064
255130
185713
43000
307396
443243
320772
274771
883073
70431
3403
134610
732381
756618
48607
837202
858134
282181
187563
335024
762588
476348
919351
263577
39743
168179
586506
750197
146249
375273
574721
525022
546369
322818
51880
809284
485646
150889
676986
659053
519830
755957
811082
918538
765664
454210
10155
219521
280794
879359
147080
99417
397626
873329
139915
562188
487700
627174
394586
798318
511750
166278
300923
772024
121744
743614
122216
491906
607500
196631
186732
48997
377456
745542
178339
841210
453479
348905
779944
247270
590585
818357
316330
666251
309822
159037
587708
425128
820414
139088
189080
214959
412133
483619
327849
325711
162057
961941
225331
280293
577969
652857
913101
612260
834079
108941
177473
508014
837989
285402
75094
443316
55848
830270
917462
358380
852174
231448
395307
61118
55065
795728
372327
398869
158629
499963
334110
992694
269683
110113
365586
998301
154754
396857
27167
933556
778084
204534
474470
462968
51262
280641
75007
526427
3882
3291
767239
219457
483711
166833
943881
276244
8960
812237
590267
283707
378569
111638
291896
948553
121
651920
979031
563664
457712
749514
967282
302175
903921
710207
413051
674171
219066
401556
840678
537542
476062
951960
363929
99376
932707
631467
626952
412797
45905
384019
439611
574863
439301
963371
429236
7867
157333
79123
592324
52858
907165
891273
720413
248518
774521
29219
482285
540365
560359
214406
113632
775186
636584
623034
657299
677433
604588
517640
183362
7598
624255
154636
988778
874732
491817
371279
852823
698500
878634
728810
428421
772376
888550
887522
851674
625529
266654
621170
739198
474356
650327
445328
348432
45945
99984
39934
415422
207027
765800
898098
133747
23386
193899
916119
146127
462810
838772
118861
341032
962800
728667
477558
378136
380204
532505
450338
993627
695657
191650
649873
393197
299336
461683
90425
599115
785524
193640
328295
447065
369272
168403
179652
485221
683705
777352
569601
386661
690227
147945
217264
473472
935522
528309
936899
422605
196061
869774
558551
639429
476343
789573
293024
827782
211453
119562
88116
455939
782638
901005
718402
475281
882797
262793
288457
840766
409277
508405
454760
259343
903461
221255
611816
468219
580017
131224
706717
672381
439401
337779
182030
188515
538332
738716
898637
904255
959139
340072
48928
256241
156696
154906
798544
342680
671549
394029
517364
692071
121677
317950
832160
231940
486850
974107
485782
395880
817494
888454
259758
293333
956344
202888
356679
713840
865858
450008
760313
617301
145806
95821
74572
861069
525725
399026
595258
445131
334385
345062
69776
709504
279332
944501
845486
104741
739944
475790
519595
729869
582272
429633
643861
384180
986502
133887
424107
620295
928516
151878
185201
62138
951700
265665
311371
433981
205121
227439
708013
903435
866109
964428
306014
959253
232482
268125
245562
531666
187012
990237
897334
515955
674553
368224
52589
617030
846542
996094
588170
890850
4533
510239
872023
244572
848386
556141
690376
854139
53760
406989
382657
820776
521636
721147
199000
288578
367769
273304
169291
385597
925316
175815
565537
825158
663163
544141
585550
255822
106207
347604
72160
487144
369060
482605
944297
498573
296171
345940
982713
725579
966613
331854
546923
241318
251767
558178
841949
132679
283038
247052
757757
205854
303297
646736
415430
918417
849152
602173
78382
373387
768223
2643
507571
291405
887119
610761
923256
5257
412209
275261
368676
665010
888229
87031
824201
865841
203867
212044
747327
65819
265688
516334
311891
174111
451836
925811
510075
408746
673711
29234
58169
369947
465337
371648
72813
572710
959665
982745
371370
727726
514701
119645
181148
663972
780056
469546
804576
814556
407722
612065
239741
485835
691949
981977
608784
676428
720194
849310
181512
610644
675175
988299
268522
588440
911855
884589
669063
165411
620185
290147
96721
166236
758950
230455
836966
710802
900518
939434
362261
668765
171288
851043
854208
280568
973540
228886
122959
105754
377428
731016
988004
381022
319746
882658
516862
977057
356716
984325
71255
254739
421282
312143
601150
65594
471313
522605
192613
804864
351964
82034
157895
24066
834476
541804
579138
821228
276392
917031
737831
34814
76197
707970
722661
692673
420821
229276
188600
903856
868548
920777
293426
851385
777203
228636
764709
182173
364278
269042
95656
938823
883613
833404
263711
927497
435049
994424
611511
895228
800744
214836
604419
704243
787149
567504
948883
593714
850537
38652
693258
220203
725208
331412
171927
750006
158894
448852
824950
150251
66007
197869
992041
221116
719099
782902
728086
775672
803148
626496
537029
395044
981771
248771
654967
870364
467040
391534
683766
300873
349179
329670
9854
545153
651402
429997
235530
100470
811844
969997
416366
171628
401516
209359
898891
5359
337274
246464
710681
162872
918902
179744
858671
593655
417004
461260
326894
919828
886429
483644
168348
609339
956597
913179
306902
269395
61827
702150
87315
874475
169353
968973
859366
30888
767795
375759
617323
750890
127063
659369
962615
574479
294235
902081
977695
762177
280248
107475
499124
295809
888737
900392
793404
284690
445468
794590
590880
197307
956407
328260
305687
909357
714057
781887
692956
369248
72859
671119
278593
944274
653775
787123
117199
976909
752642
841415
777058
428186
868440
573640
247458
673271
882434
5052
607374
159643
473328
694497
130691
211914
332216
627001
200038
574664
875467
646050
419411
289775
696422
125444
118146
827150
118869
280280
145893
988543
962190
860617
94937
893743
858206
862928
527285
346324
823308
894182
214828
40141
838700
563305
253806
646819
311447
776036
58994
926343
364905
932120
83895
698134
376594
828670
237767
760216
598347
593063
558805
62503
521508
576727
368377
921975
285775
160398
929000
923514
222462
663638
416469
295502
349391
532166
135309
394674
479422
396622
533775
150413
529804
19478
118254
315357
13391
935960
316775
136143
20737
784360
594023
659447
250056
839729
938822
565521
121057
895141
775636
70327
950805
664079
234834
535572
939058
354060
103431
854971
900933
30061
952818
374495
353518
486731
667293
812860
61401
135710
411830
736149
715232
681193
32257
707083
241962
405937
409452
183155
205274
492284
85609
921519
367190
172793
49104
996761
143824
883511
655729
721114
32195
550593
938979
299577
763859
209783
198735
14676
963963
574091
930313
933681
158508
207081
348322
515733
739165
270021
534257
843079
261667
803922
470722
734372
854578
882124
517000
200044
187627
863541
988707
850779
716959
536320
852173
881859
34704
321743
540632
930064
530704
299437
990192
669953
951012
674811
746244
113702
5375
925006
711596
592730
309926
200244
480341
960404
381944
110663
649870
772142
78025
705220
630023
943617
577751
852299
453432
281590
215657
595977
337344
185861
393239
394740
22060
511872
867973
198914
810027
262683
936855
397681
946953
191696
12018
767529
356261
777707
792735
579064
662187
199056
159677
924826
727576
557222
9079
259087
21443
962964
976264
622101
152281
503628
582972
331898
4782
669427
852586
571859
35826
513838
9511
797669
292497
460178
690196
499004
13295
679354
139950
408964
148265
276743
697118
834066
702665
86343
588845
892786
156197
886185
202061
909315
365263
379458
746521
742112
618932
89214
127079
52367
81350
296591
784387
476465
592195
43453
236477
193165
559104
469163
609506
664411
24044
935610
248061
616094
748015
758727
313813
829136
264941
276848
503163
458759
587840
59462
558344
240001
501161
889360
900310
484504
68993
694643
731641
655061
460079
849778
682245
844700
791334
307595
581629
48806
369548
408459
523337
506417
644824
402386
148427
832053
874445
222990
945067
716228
774677
180673
478610
97658
536725
161682
846277
402223
369561
181237
176081
190394
47135
225445
786762
711529
356129
576001
549736
627559
959098
919454
567417
835415
513042
271366
462526
490461
760509
921376
84351
63199
5997
503389
415291
814747
635378
468126
820106
438162
138049
542363
985148
836001
353076
455070
61911
112122
436713
632452
272761
217563
901081
877062
260168
768962
888927
489266
780520
225061
822347
643154
990178
404717
281099
717643
402647
391902
633838
599425
827947
178443
456389
520569
657262
809245
586676
73368
182137
535961
753727
684081
938628
846417
229532
320189
125718
479687
321868
624813
507978
528171
446678
273207
373574
503976
685933
461092
438846
927788
272223
706266
583180
794653
753153
873625
572980
818432
478714
240711
652636
113037
878100
336685
809910
694976
562904
69250
517037
371575
479665
265803
736303
904036
913243
85688
865884
158993
874020
694262
74495
224865
988226
323436
194891
155812
478755
353276
786013
596747
393256
978560
85137
208591
777811
687873
680263
121081
239767
720610
69866
915786
1183
685820
979187
220493
392055
162067
272854
641726
395944
674137
573732
17834
532160
271909
653290
502357
241367
778015
361535
561673
613598
20540
362845
139368
647219
234414
772129
629577
752739
57297
786703
972403
155258
505807
183380
579782
207333
169831
680667
19089
603181
10420
140087
785737
309603
717312
595803
444840
441685
947050
666686
441319
148115
260194
281349
385046
567171
818595
871616
731144
714705
481515
562675
265264
807423
687546
188312
662321
589441
559591
395433
806017
561830
701052
244138
751108
447295
776501
836508
324174
954089
568966
821499
575600
197236
542343
459317
307411
288288
938722
808721
650843
562552
480028
335408
944475
494165
823043
717509
493278
863007
197099
54426
679220
927465
20799
346782
724382
515640
226567
14888
635499
537347
850337
336544
727640
110879
833534
67372
869923
955246
232986
910041
162625
966120
76266
793248
651177
455356
718440
776600
945608
617710
308687
706964
943694
119011
486727
538295
696124
266059
716858
426793
445943
77251
791811
921779
829070
596745
228695
227062
859156
285603
715900
218781
624655
31140
939427
708370
232516
288106
320566
811418
400453
902654
22102
697531
950873
614981
47117
156147
313689
740373
491182
301681
927602
31602
153735
859440
747978
528017
97759
676254
587824
916901
746674
657786
720838
409257
485384
509892
987104
356601
75920
364016
156759
399804
836761
174116
770578
793356
397450
959455
56690
827560
140834
782488
190693
585135
110030
461691
237414
592325
397967
978543
899998
752915
129115
946116
441397
515627
459330
166288
426413
34344
905940
47590
102080
541139
634219
261063
280146
449215
573448
192134
456114
346274
242382
416199
601805
254762
903068
174016
461408
911251
628849
305936
483929
759121
64041
299033
60145
601442
945283
306011
557103
216067
503795
316287
221576
664044
140369
223128
408721
540139
436006
66999
286827
434198
765479
920321
815087
324169
732923
153345
151584
962452
880348
700085
174205
231935
589293
721093
871571
486769
690324
8038
352285
661701
81880
919810
309057
684998
699918
577940
927577
615338
293328
84949
80762
819258
804520
908351
530850
730403
6448
205700
918127
205710
114910
936416
111986
596972
73592
987938
66854
152305
903073
796477
506181
854890
625543
441259
453660
420297
573976
880295
56808
284431
674039
254393
255494
929192
663856
925406
125078
625427
582047
267606
892527
742117
4376
282708
453924
961365
127786
677007
832690
667574
263736
733799
709779
442110
364022
50483
841159
538250
580704
532840
957488
395490
945628
444316
697145
816288
163188
324961
98371
306775
909991
21228
402632
661984
691859
17093
270451
670249
587888
375265
250372
672399
506677
326769
91230
899082
72111
502834
396705
549126
719273
307429
772945
792221
297256
836296
439008
705592
504019
506804
382932
606617
590744
842389
663818
993006
337758
453223
569979
498387
2630
753783
634501
58184
729112
523011
967027
876866
824919
598368
58853
956764
767404
402578
976814
923944
565627
528877
854514
191812
592686
787218
952918
984930
535776
781655
332100
329783
348869
562593
9651
279136
433885
382111
804415
520436
140347
399027
136485
532853
431590
387168
489612
196025
79677
912768
419135
405523
903981
554239
747832
64080
986120
942499
601544
882430
93444
420568
260994
939929
735485
378293
724649
325436
779811
13939
964167
329959
627308
385105
390094
558046
21895
916306
532040
150078
76732
505502
242378
791061
627324
852035
634649
212992
276933
554534
454111
817507
842845
1038
508049
124334
136718
934625
652942
438357
832148
726238
724766
790879
832254
738851
355506
490607
362353
316412
274769
577701
289256
467317
146368
938086
362500
860316
79350
332353
675666
51706
14269
227804
498029
606389
348452
577213
123468
668809
636107
309811
300774
93945
375511
964431
472930
795384
746537
633757
766482
434526
669623
476676
24557
980558
371651
509730
23235
708561
308630
906665
801993
22934
212237
244732
180133
330794
112670
665060
662384
819034
362124
189814
403370
178417
145342
257885
758167
452265
473705
602086
733099
57846
639907
669958
729560
197332
915490
321977
908942
294581
840701
64687
211783
258043
343318
225860
200491
97361
338695
341652
465035
787901
252240
750229
802160
444717
129258
707878
906112
482112
299792
142162
558912
420471
484247
258787
78263
974249
503434
730836
752199
373830
969316
289681
338923
65423
886734
154448
491877
278829
805432
851846
525414
69284
410074
721469
530123
52082
293913
711776
920075
920063
675261
890117
560674
563784
808603
685895
834005
143929
765776
367845
832838
591872
525092
550792
371141
447301
721850
329968
51890
493761
826370
566034
308981
754231
947384
310529
718607
390119
331746
763725
470725
361029
501260
227967
181156
107112
844076
973308
517671
798351
468437
612363
249776
81643
342882
803341
363392
124517
927996
522237
290007
583922
336500
845480
882687
901926
114142
439081
981187
318315
857513
610272
58047
369005
586542
173305
241264
918750
886373
525897
171240
898967
886314
726986
452414
617913
