966
65270 23453
57222 72105
36076 75883
45479 29279
9980 49596
32897 29949
89892 75238
3648 28954
97562 80069
81875 23696
87140 59590
83433 93445
91254 29593
68010 86573
90527 74761
79365 49772
22730 31342
64813 32538
79556 7297
11624 17089
4288 84800
79040 27619
90449 94330
23024 90779
12665 80462
51675 60934
32841 33424
77689 46131
8047 14014
82635 15712
62507 23965
62847 24968
71588 55378
57930 5682
6434 80813
34612 26270
98351 68742
45687 28675
67005 82618
62170 5241
55307 18410
78657 28681
79222 18406
3876 3120
24297 28891
9682 73915
91556 83044
12421 21014
98359 5585
15185 22116
69230 53872
25129 20313
52036 89616
75323 89856
93830 88114
54314 50886
46548 64514
6497 31548
13254 48178
66101 80573
11477 32969
36369 53927
27802 18777
47068 48217
37252 83528
66147 36047
68045 54196
47688 72988
28099 54935
10059 12774
69935 43334
26697 96705
95525 64052
24768 14980
8801 15872
54758 31672
69799 86459
19447 52267
76468 6498
22493 93590
16522 51244
67483 5712
20105 72014
30495 41466
56333 91119
44726 82911
47274 96656
10708 69764
71277 84889
66862 88125
42594 20169
50823 54817
15380 24022
60936 60371
15653 87238
45973 62598
14539 49176
34916 86782
35994 36663
23163 41028
95172 34455
71386 22040
17878 98853
29131 40071
18311 61246
41065 98453
77095 71771
28118 96981
1213 77320
35955 36346
2007 34734
92859 55771
98467 91593
16950 32917
18284 76819
41581 73287
56288 54819
24225 29841
53854 85617
88484 96130
8327 29128
56190 81072
48612 31334
14875 10474
87370 80998
84949 40673
76403 43832
95585 60188
59528 63336
23614 69472
31663 4411
58642 16731
90864 35558
45584 23111
19632 31423
75268 62944
79980 23340
54135 16994
76777 73001
15283 6111
3448 98908
72957 75032
86692 38077
6292 99217
63900 63279
94209 36722
8535 91861
23672 27494
48510 83402
71839 75044
27967 24922
3674 95185
54978 86896
9777 51481
5516 98011
83482 5073
66539 64763
77037 78471
30610 14321
79138 56640
21119 98140
93635 77404
12114 1584
93425 42994
47190 96006
9157 18397
53098 45458
85097 23192
69527 4820
94854 19082
93576 41167
23374 4706
15271 82792
40440 29113
87453 80469
67391 42045
43761 38014
35404 33035
83063 16432
35198 70273
67223 1439
66935 5392
3841 93089
66345 29691
3356 70101
69481 32322
66338 70973
3200 55584
18699 14543
68525 25648
88356 29436
38414 55198
87771 9338
25004 24073
96955 82975
8030 10368
3278 29352
72906 98556
93909 6798
90489 74479
21241 27344
58305 11539
22965 72369
47526 49953
58912 13151
22907 79679
47967 61265
27209 83184
44179 66269
77996 90551
13928 25023
3338 82268
74195 17229
13252 3388
22871 80719
8453 8960
8386 16808
84394 69892
45465 61566
68420 16073
69252 7538
15478 7353
89340 49474
70668 69255
31038 98132
31704 70995
65954 15943
56213 98109
73790 47095
24050 88948
38493 83248
14182 58763
43249 34371
86378 83835
68543 27361
61898 83049
75078 39220
76342 13059
66601 75458
7869 63157
92115 98920
51360 4982
12574 54138
6993 44186
5496 21622
34497 75391
63470 91388
71324 29766
15969 61768
8271 89068
8944 47554
73453 15989
31624 80922
91967 53074
84311 98281
97135 12532
38455 29516
68719 51621
26932 89322
51970 32474
13701 6074
27635 82442
34255 64910
12103 47111
20834 23777
5309 22363
74996 27758
67071 73773
48153 6505
35956 60540
9169 5685
5597 63872
39744 66502
52738 20471
76350 65184
52363 26799
35333 99088
30054 47335
85150 15081
35300 68920
73028 43385
54514 99153
81216 86990
26032 31944
39201 57712
50914 82710
44927 24092
7549 62364
94429 11829
38623 69376
29474 78210
57114 82910
50302 89907
67610 82914
35110 37427
38291 8426
74657 44744
44755 74167
1207 27008
78408 75234
37563 32463
86034 90700
53199 87815
79870 59385
21611 53182
5162 27609
96713 93613
65726 59560
13721 71787
72647 92686
59031 64949
87019 91531
66139 17202
4607 90773
53446 82244
68309 25475
89645 90041
77228 48186
29169 65885
20401 34023
51884 8480
59016 39627
98217 80883
47767 95589
51573 87436
96035 15201
94381 53116
16626 87301
96670 19991
26897 65965
91088 1913
60412 25451
3913 14395
20760 43920
54243 9190
38575 93221
43505 91782
55234 69986
11823 86491
15707 40656
48770 14491
25104 42954
41336 98885
70351 23722
59383 84008
7485 83905
86781 28917
7568 50545
11837 44604
29747 38608
24676 47233
73850 84659
60906 36223
13982 42160
18307 56942
50493 57213
3798 15924
65008 67320
18834 22777
77798 4477
45143 84037
28463 63868
63760 3550
52016 88508
52725 62011
32136 39650
18115 34349
91823 3868
44992 61346
60069 82889
41475 67261
66241 43831
93190 85922
97976 14263
9587 87501
34789 85726
68379 46447
79199 69913
87166 95250
59937 40184
72860 38973
22037 39633
67824 32067
2307 1057
84549 43330
42623 62822
68166 42773
15870 52980
76654 9705
68748 12899
50637 59607
30865 82988
10524 74247
2754 54276
20199 32671
35989 73506
45368 44474
21930 71472
26323 75963
50881 88393
49190 71585
85950 21397
58297 72840
49814 32783
65975 70880
41103 85570
36888 60665
77518 61717
47277 55758
44538 74658
38726 51557
9889 48777
94073 38887
57826 54475
11008 23740
96160 3140
53842 54834
34431 80080
17180 99282
47032 3325
67086 83699
55297 59499
6404 7171
87168 77497
82021 76015
73958 81735
76956 55083
39362 1984
64759 40747
80985 81530
41773 77860
11734 71929
7670 19682
81579 14419
47028 8533
55504 37564
71351 73425
59966 11509
95557 25736
71038 28958
15563 31701
9470 61074
65568 55383
46317 76665
12230 8983
71048 40911
8841 49741
7200 52660
26179 59469
58692 1643
39232 74699
25386 6438
3175 68425
7194 22936
66603 72529
98624 67594
79372 82330
41885 38118
26132 10837
6473 71832
7554 58772
30924 33248
22962 26211
86676 36693
25528 54169
78742 54942
51373 21249
72816 63643
66056 91579
34596 76491
25779 44886
94295 24558
28350 58648
50392 8360
10778 49680
7729 47384
50110 69803
85938 51731
51446 33334
48289 42531
94503 62865
58506 48985
66181 76724
61362 57595
41550 58008
66971 28250
82845 75941
10548 6280
55191 6247
44216 52446
57597 54710
93631 83549
89223 50056
5919 31747
45844 91559
95317 80861
2571 54059
52434 70200
91342 59018
29870 54480
92227 12842
72868 93719
52417 79446
78428 73306
39901 71185
16078 37455
45756 86174
67664 60262
71758 85749
73269 3258
47422 79304
20183 11921
67435 94976
82620 51186
16550 57985
22562 84303
16889 98298
53287 89999
49630 51512
17602 35439
98121 53289
75187 60330
75214 90479
12169 6872
46137 64746
13367 91360
46643 34582
97386 29395
45805 84662
54955 65400
84601 67426
64451 62755
28608 91831
21582 3088
28002 80484
49426 2887
54217 94061
50534 25795
77525 69085
12935 21521
62095 80315
44721 49486
17992 37800
74010 28956
51662 3242
38140 66212
59020 26758
56433 74877
56398 13132
32457 47691
7751 72178
49296 81333
54246 33204
48255 24269
87328 12567
2138 11350
1315 28605
36832 43302
89746 78124
32076 63265
18453 89971
3195 15047
99345 32815
97582 97257
86677 3138
43309 53087
99228 17977
14292 74826
39126 34465
88829 76240
91709 36289
15912 93360
23693 45156
36126 90966
74899 45006
86250 12120
50655 22133
8203 61707
61712 11060
15010 33821
45516 34413
7995 71927
9691 86745
57813 89628
66836 5698
25481 88880
45501 58728
7579 27713
40403 72282
60479 70618
57828 41609
9053 71943
20316 74068
50701 27814
42827 19420
77304 81578
70093 34093
95908 74032
45678 6525
4048 28879
15669 85027
43789 91486
12795 43793
43129 93876
60082 389
89989 25635
43126 91025
34408 79398
65903 19521
19083 19781
66082 29225
11567 36169
87897 77158
61935 9540
60760 24072
25815 44651
24394 3621
63440 90497
14709 30616
41228 79884
79237 86109
10121 10421
48100 30676
61267 27119
45195 5365
3756 95990
76357 47840
98703 24236
6138 22549
18201 13909
69731 6134
98799 84694
58972 3972
74619 8013
37298 35872
79072 72536
78856 38341
5304 43411
32128 33494
53206 7521
37570 56008
59952 39426
58819 50462
68795 9835
66742 3482
36657 82780
93336 67258
4069 78944
6996 1986
67554 94773
71610 14039
58884 74148
19703 40919
95548 24499
73421 56548
33974 77913
83214 74397
89977 51858
61384 70753
31394 31225
64708 38174
6301 1971
52553 30663
15359 78851
34481 56939
42569 22922
34527 82879
42067 27575
25970 14399
26778 69759
14850 98187
2018 12467
92858 58603
73746 66390
39781 58228
96595 66626
42793 30187
55486 42105
35161 14911
1884 4271
27640 63569
87279 57071
87431 43875
54862 94809
83811 77847
93618 63458
43496 98403
80862 955
38904 93642
79077 88034
17123 81802
95857 10444
28780 73924
60004 39528
84666 89992
2795 52798
78284 35124
95246 51442
18932 46313
57054 86379
77044 92952
77800 20032
62762 91272
63474 86345
44908 27834
75123 60563
27998 40293
62433 63876
29861 31952
46477 75233
92175 45709
92725 83468
46333 1015
80644 85322
19373 33110
20870 48242
76108 5357
96221 50304
38964 71479
5765 48582
6741 31584
8730 18741
56000 77810
22246 91164
768 45262
58539 184
76761 54990
87102 36085
16222 58000
19899 77091
29006 83349
78044 37105
9902 66164
1239 58284
79863 66740
69598 95735
16691 38995
29808 81487
65322 73574
33840 92853
35136 90282
36457 13516
52816 71179
87133 22287
45648 29846
28962 16656
52037 18333
2859 77026
30065 17661
91716 84249
38839 83910
20093 61595
14511 58602
37977 11693
88360 55823
97304 29263
27246 69828
67241 83574
6725 20690
51824 47420
92657 13352
39590 57218
20380 34104
91984 84269
32037 85080
37933 89100
9155 49434
48592 44853
10205 47321
95595 67142
32987 91461
78518 53427
26126 5644
17485 44252
81145 40289
5677 84137
18529 59367
46329 66574
95514 27651
12962 74546
56778 85113
31898 92379
21005 66296
16892 32434
89252 20334
88023 59498
78698 31376
17718 81510
71497 6902
62434 41719
73776 53465
90978 87715
49578 6392
81836 30741
64416 94086
36340 62384
50041 66869
27536 82343
32126 79230
64216 72974
80972 48802
19483 81167
19273 94456
34971 48457
81764 30796
6325 73156
30209 38255
97707 91350
69557 74969
83077 75505
7692 1840
68592 11116
67652 55833
21016 46906
30558 95212
4057 96252
22824 78956
52958 97650
51359 23750
36071 29340
51644 89492
4891 73056
3189 83204
8012 44478
72276 79096
57979 71006
13659 69036
67368 96359
99058 83725
21668 2650
89066 29702
85983 45587
1747 76801
80074 1368
69726 59281
77646 32429
52936 83060
36219 17684
55725 13540
13327 17290
98590 65445
79189 87925
37027 86489
19648 50107
22780 40172
97052 57048
41325 38113
17581 61869
57807 58282
95755 1100
80289 31902
48380 72945
10840 77690
92604 91990
1417 5108
17614 68406
37768 28562
79257 74133
36723 11410
28348 20926
40329 75427
66920 11573
79678 4424
92090 80597
64181 71560
66721 86940
55945 3286
64801 23315
95499 1796
67278 87385
65041 70094
28762 26307
54624 60756
89385 16361
49991 90762
75677 44940
11047 3970
73634 33593
24419 14027
4557 15556
67922 48771
98723 81303
31963 6936
31277 62760
42018 55609
73976 84763
35737 26493
40053 99324
14324 82000
83105 14157
35390 47207
90847 37053
26081 45646
78047 97805
7572 5746
55854 22373
5922 27587
92340 44712
93881 17219
42648 33858
1193 18271
76906 93740
49835 51983
636 69329
96293 35861
4300 9794
868 17918
27649 95552
51434 31330
77354 66654
66316 4973
42224 28684
37322 91409
79349 38409
68817 4011
51564 13892
43783 22010
69780 92656
12581 49050
5904 68653
58630 56291
21979 11260
13881 8505
67047 31010
21180 73139
6306 11237
72426 93457
40436 273
41826 99339
28381 24681
47415 12086
47285 7102
72960 93076
30649 86561
4881 44447
43171 29786
46143 56470
53964 66713
64995 47663
35608 72621
50333 68792
31712 64333
25404 54936
56744 39154
54588 19740
21391 12579
76559 50218
18314 42627
6214 65685
50949 55550
92467 12558
38344 97685
60538 68389
8274 30309
22389 33752
89755 77796
45528 34081
51965 41650
23028 6553
99116 62615
75617 94587
78166 90100
75367 20194
23235 88429
4381 29553
80263 16927
